101010
101018
101079
101496
102168
109901
110867
115366
117015
117653
123042
123302
125667
125926
125929
132486
134604
135416
135429
135495
136171
138215
138235
141414
146717
151517
154674
157680
158544
161456
161759
165291
165389
165999
176766
184989
193201
196657
197304
197308
202020
202030
202112
202726
203554
210434
213153
221650
222222
223034
229745
250653
255242
256385
257923
260481
260534
268354
274415
280868
282828
283309
288720
289173
293541
295585
295738
299988
300000
302202
302557
303233
304018
305060
313233
321824
322475
333095
334319
334344
336251
336783
342970
360944
362689
367510
374427
376463
380594
383838
384838
393827
394732
429406
437395
442004
443061
444546
446564
451605
451835
453319
458656
460732
464747
466242
473855
485537
491581
495996
498039
498159
505050
508007
517936
526023
533535
539399
556996
578003
581002
585858
602061
606060
607901
614659
658824
687998
697940
701477
730535
733600
745133
752708
754459
754623
764706
774544
807050
814909
821583
872484
872833
881514
892195
892636
898988
908017
908060
909080
909090
912631
921569
927977
941886
949784
949969
953163
957858
958008
964706
970443
974008
986444
994151
999296
999483
999999
